10001 316 199 346 261

10002 135 3 167 64

10020 195 202 228 263

10021 249 2 285 64

10010 316 199 346 261
10011 371 197 404 260
10012 434 199 468 262

10013 135 3 167 64
10014 77 0 106 63
10015 11 3 45 63

10030 195 202 228 263
10031 0 265 49 329
10032 432 333 470 394
10033 373 332 420 393
	 
10040 249 2 285 64
10041 428 66 479 131
10042 10 133 43 195
10043 61 133 106 197

10050 316 199 346 261
10051 119 201 169 263
10052 74 200, 107 262
10053 15 202 61 262

10060 135 3 167 64
10061 310 3 360 64
10062 373 3 408 64
10063 421 3 467 64

10070 194 215 229 263

10071 250 15 285 65
